2 100 100
1 2 716802
1 2 727475
1 2 292323
1 2 814847
1 2 873215
1 2 415553
1 2 738363
1 2 451215
1 2 975570
1 2 978131
1 2 46476
1 2 673970
1 2 530563
1 2 110555
1 2 252727
1 2 210062
1 2 656100
1 2 568128
1 2 712489
1 2 480643
1 2 429382
1 2 344028
1 2 177532
1 2 924006
1 2 189086
1 2 617729
1 2 725649
1 2 581216
1 2 151031
1 2 270811
1 2 527196
1 2 866309
1 2 946687
1 2 17029
1 2 682923
1 2 692948
1 2 943919
1 2 443506
1 2 617467
1 2 379383
1 2 459327
1 2 509945
1 2 762883
1 2 3620
1 2 221560
1 2 302716
1 2 516595
1 2 130653
1 2 694991
1 2 90701
1 2 708127
1 2 83642
1 2 123111
1 2 979779
1 2 59006
1 2 180916
1 2 401023
1 2 712809
1 2 370200
1 2 610663
1 2 136424
1 2 412003
1 2 421470
1 2 865199
1 2 508421
1 2 310554
1 2 817016
1 2 906678
1 2 783591
1 2 770398
1 2 261778
1 2 486121
1 2 598633
1 2 132981
1 2 2783
1 2 287643
1 2 368995
1 2 199914
1 2 419907
1 2 819750
1 2 432858
1 2 390378
1 2 420
1 2 225579
1 2 789848
1 2 872172
1 2 181699
1 2 433962
1 2 543840
1 2 213258
1 2 796482
1 2 323182
1 2 409248
1 2 350700
1 2 105029
1 2 819302
1 2 890163
1 2 923847
1 2 648582
1 2 100936
